864

865

866

867

868

869

870

871

872

873

874

875

876

877

878

879

880

881

882

885

883

884

886

887

888

889

890

891

892

893

895

894

899

896

897

898

900

901

902

903

904

906

907

905

908

909

910

911

912

913

915

914

917

916

918

919

920

921

922

923

925

924

926

927

928

929

930

931

932

933

934

935

938

936

937

939

940

941

942

943

944

945

947

946

948

949

950

951

952

953

955

957

954

956

958

959

960

961

962

963

964

965

966

967

971

970

968

969

972

974

975

973

977

976

980

981

978

979

982

983

984

985

986

987

988

989

990

991

992

993

994

995

997

996

998

999

1000

