1
2
3
4
5
6
7
8
9
10
11
12
13
15
14
19
22
23
20
21
27
28
29
16
17
18
24
25
26
30
31
32
33
34
35
36
39
37
38
43
48
51
56
44
45
47
49
50
53
40
41
42
46
52
54
55
57
58
59
60
61
62
63
64
65
66
67
69
71
75
76
68
70
72
74
77
78
79
73
80
81
82
83
84
85
87
86
88
89
90
91
92
98
101
102
105
106
94
95
96
103
93
97
99
100
104
107
108
109
110
111
112
113
114
115
116
117
118
122
126
120
123
124
125
130
131
119
121
127
128
129
134
135
132
133
136
137
138
140
142
141
139
144
147
148
143
149
145
146
150
152
151
153
154
155
156
157
158
159
161
160
162
163
164
166
167
168
171
165
169
170
172
174
173
177
179
175
176
178
184
186
189
182
187
188
180
181
183
185
191
193
192
194
190
195
196
197
198
199
200
202
203
204
201
207
205
206
210
208
209
212
211
214
215
216
217
213
218
219
220
221
222
223
225
224
226
227
229
232
234
236
238
231
233
239
228
230
235
237
240
241
242
243
244
245
246
247
248
249
250
251
255
252
254
253
258
256
257
259
261
262
263
265
267
269
266
268
260
264
270
273
271
272
275
274
276
278
279
277
283
280
281
282
285
290
288
289
284
286
287
291
292
293
296
295
294
297
298
299
300
302
301
304
303
305
306
307
308
309
310
311
313
314
312
315
317
316
318
319
320
321
322
326
325
327
323
324
328
329
330
332
331
333
335
334
336
337
338
339
342
346
348
349
341
343
344
347
350
340
345
351
353
352
354
356
355
357
359
358
360
361
362
363
364
365
368
366
367
369
374
377
378
379
380
382
370
371
373
376
372
375
381
383
384
385
387
386
388
389
390
391
393
401
395
396
392
394
397
398
399
400
402
404
403
407
405
406
408
409
410
411
415
417
421
422
416
419
420
412
413
414
418
423
424
428
431
425
426
429
427
430
432
433
434
436
442
443
435
437
438
439
441
440
450
452
456
454
455
457
458
459
444
445
446
447
448
449
451
453
467
468
461
465
470
460
462
463
464
466
469
471
475
477
474
476
472
473
486
487
491
479
480
481
484
485
488
492
478
482
483
489
490
493
494
496
497
495
498
499
500
501
502
503
504
505
506
507
508
509
510
511
512
515
516
514
517
520
521
513
518
519
522
523
525
524
529
526
528
531
532
527
530
533
534
535
536
540
537
539
538
541
542
543
544
545
547
548
546
549
550
552
554
556
563
565
567
551
553
555
558
561
562
564
566
569
570
572
557
559
560
568
571
573
574
575
577
576
578
579
582
588
589
595
596
581
584
586
591
592
593
580
583
585
587
590
594
597
599
598
600
602
601
606
607
604
605
603
609
608
610
611
612
614
613
615
618
620
616
617
619
621
623
622
624
625
626
627
628
630
629
631
632
634
635
633
636
638
641
637
639
640
642
643
644
645
646
647
648
649
650
651
653
652
654
655
657
659
660
658
656
661
662
663
666
664
665
667
668
669
670
671
672
673
674
675
677
676
678
679
682
680
681
683
684
685
686
687
688
689
693
696
697
699
700
690
691
692
701
694
695
698
702
703
704
708
709
710
705
706
707
714
711
713
715
712
716
719
717
718
720
722
726
721
723
725
727
724
728
731
732
729
730
733
734
737
739
740
741
743
735
736
738
742
744
745
746
748
747
749
751
752
750
754
755
756
758
759
753
757
760
762
761
763
764
765
766
767
768
769
770
771
772
773
774
777
779
780
781
785
778
782
775
776
783
784
786
787
788
789
790
792
791
794
793
795
796
797
798
799
801
806
808
800
803
804
802
805
807
809
810
811
812
813
814
815
816
817
819
821
824
825
828
833
818
820
827
830
832
834
822
823
826
829
831
835
836
837
838
839
840
841
842
844
848
853
843
847
849
850
851
852
855
856
845
846
854
857
858
859
860
862
861
863
864
865
870
871
872
873
876
880
881
867
868
878
879
882
866
869
874
875
877
883
884
885
886
889
896
887
890
891
892
893
894
888
895
897
898
899
901
900
903
904
905
902
909
906
908
907
910
911
912
913
914
915
916
917
918
919
923
924
920
921
922
927
928
929
930
926
933
925
931
932
934
935
936
937
938
939
941
942
940
943
944
945
947
946
948
949
951
950
952
953
957
960
961
956
962
963
964
954
955
958
959
965
966
967
968
969
970
971
972
973
974
975
976
980
977
978
981
982
979
983
984
985
986
987
988
989
990
991
992
993
994
995
997
999
996
998
1000
1
2
3
4
5
10
11
13
19
7
14
16
17
18
20
6
8
9
12
15
25
23
24
21
22
28
30
27
29
31
26
33
32
34
35
38
39
36
41
42
37
40
43
44
45
46
48
47
49
50
51
52
53
54
60
57
59
55
56
58
65
68
67
61
62
63
64
66
69
73
71
70
72
74
75
76
78
79
77
80
81
84
85
88
82
83
86
87
92
89
91
93
94
90
97
98
102
95
96
101
99
100
105
106
107
103
104
108
109
113
115
110
111
112
114
117
119
116
118
121
120
123
124
125
122
129
127
126
128
130
134
136
131
132
133
135
137
138
140
139
145
141
142
143
144
147
146
148
149
150
154
151
152
153
155
156
158
157
159
160
163
164
161
162
166
168
165
167
169
171
172
175
170
173
174
176
177
178
179
180
182
183
181
184
185
188
191
186
187
189
190
194
196
192
193
195
199
202
198
200
201
197
205
203
207
208
204
206
210
211
213
212
215
216
209
214
217
218
221
219
222
220
228
224
226
223
225
227
230
231
229
232
233
235
236
239
243
237
238
240
234
241
242
246
247
249
244
248
250
245
251
254
252
256
253
255
257
260
261
258
259
262
264
265
267
268
263
266
272
274
269
270
271
273
275
278
279
276
277
280
281
282
286
284
285
283
288
289
287
292
293
290
291
295
298
296
299
300
294
297
302
303
304
305
301
308
309
310
306
307
313
311
312
315
314
316
318
317
319
321
323
324
325
320
322
327
329
326
328
330
331
334
335
332
333
338
337
336
341
342
339
340
343
346
348
344
345
347
349
355
356
350
351
353
352
354
358
359
361
360
357
362
363
365
368
369
364
366
367
371
370
374
375
376
372
373
378
381
377
379
380
382
383
385
384
386
387
388
389
391
393
390
392
395
394
396
400
397
398
399
401
402
404
403
406
405
409
412
413
408
410
411
407
415
419
420
416
417
418
414
425
424
426
427
421
422
423
428
435
436
429
434
430
431
432
433
441
442
440
437
438
439
445
450
443
444
447
449
446
448
451
452
456
453
454
455
457
458
460
462
459
461
465
466
463
464
467
471
470
468
469
475
477
472
473
474
476
482
483
478
480
481
479
484
486
487
485
489
488
490
493
491
492
494
498
499
496
497
495
500
501
505
502
503
504
506
508
511
510
507
509
517
519
512
513
516
518
521
514
515
520
522
523
524
525
526
527
528
529
530
531
532
533
534
535
538
536
537
544
539
540
541
543
545
542
546
547
548
551
549
550
553
556
554
552
555
557
558
563
559
560
561
562
566
564
565
567
570
572
573
568
569
571
574
576
578
579
577
580
575
585
581
582
584
583
586
587
589
592
588
590
591
593
595
594
596
597
598
600
602
599
601
605
607
603
606
608
604
609
610
611
612
613
614
615
616
617
618
619
620
621
623
624
625
622
626
627
628
629
630
632
634
633
636
631
635
639
637
638
640
641
642
643
644
647
649
645
646
648
653
652
654
655
650
651
656
658
659
657
660
661
662
663
667
664
666
668
669
671
665
670
672
674
675
677
673
676
684
678
679
680
681
682
683
685
686
687
690
688
689
691
692
693
694
695
696
697
703
699
701
698
700
702
706
707
709
705
704
708
710
712
716
711
713
714
715
718
720
721
723
719
722
717
724
725
726
727
728
729
730
732
733
734
731
735
736
737
738
739
741
740
742
743
745
748
749
744
746
747
751
752
753
750
755
758
754
756
760
757
759
764
762
763
765
761
766
767
770
773
774
768
769
771
772
775
776
779
780
781
777
783
778
782
787
790
785
789
784
786
788
791
798
792
793
794
795
796
797
799
801
800
802
803
804
805
806
808
809
810
807
811
812
813
817
814
816
818
815
819
821
822
823
820
824
825
827
828
829
831
826
830
832
833
837
835
836
834
838
839
845
840
841
842
843
847
848
850
853
855
856
844
846
849
851
852
854
857
861
862
863
864
858
859
860
865
866
869
868
870
867
871
873
875
872
874
876
880
881
877
879
882
878
883
887
884
885
886
890
892
888
889
893
895
891
894
896
898
899
897
900
903
902
901
904
905
908
906
907
909
912
910
911
914
913
915
917
916
920
921
918
919
924
925
922
923
926
929
927
928
933
930
932
931
936
937
938
934
935
939
942
940
941
943
946
944
945
947
948
949
951
950
955
952
954
953
956
962
963
964
957
959
958
960
961
966
968
969
965
967
970
972
971
973
974
975
977
979
980
976
978
981
983
985
984
982
988
990
991
989
986
987
994
992
993
996
995
997
998
1000
999
1
2
3
4
6
7
5
9
11
12
13
8
10
18
16
14
15
17
19
20
22
24
21
23
25
27
29
26
28
31
33
34
30
32
35
38
36
37
39
41
43
40
42
49
45
44
46
47
48
51
52
54
60
61
66
70
56
59
62
63
64
65
67
69
50
53
55
57
58
68
71
72
73
74
75
76
77
78
79
84
81
82
80
83
86
85
87
89
88
90
95
91
92
93
94
99
96
97
98
102
105
108
112
113
115
101
104
110
111
114
100
103
106
107
109
116
117
118
119
120
121
122
123
124
126
125
128
129
133
127
131
132
130
135
136
134
137
139
140
141
138
144
143
142
146
145
147
148
149
150
151
152
155
153
154
156
157
158
160
159
162
163
164
161
165
166
167
168
170
169
171
173
175
172
174
176
177
178
179
180
181
182
183
186
187
188
185
189
184
190
192
193
191
194
198
200
201
195
196
197
199
203
204
202
209
205
206
207
208
210
211
212
214
215
216
218
213
217
220
221
219
222
223
225
226
227
224
228
230
229
231
232
234
235
233
236
237
240
239
238
243
245
242
244
241
246
247
248
249
252
253
250
251
255
254
256
257
258
259
262
260
263
261
264
265
266
267
268
272
269
270
271
273
274
276
275
277
278
279
280
284
281
283
282
285
287
290
286
288
289
291
292
294
293
295
296
300
297
298
299
302
301
303
304
306
305
307
308
309
310
313
311
312
314
317
315
316
318
319
321
320
323
322
324
325
328
329
326
327
330
332
331
333
335
337
334
336
339
340
342
338
341
346
344
345
343
347
348
349
350
353
354
351
352
355
356
360
361
357
358
359
362
363
364
365
366
367
370
368
369
373
374
371
372
377
375
376
378
382
383
379
380
381
386
384
387
388
385
389
390
391
393
392
394
396
395
399
397
398
401
400
402
406
403
404
405
407
408
409
410
411
412
413
414
415
416
417
419
418
420
421
422
424
423
425
426
428
427
431
429
430
434
432
433
435
436
437
438
439
441
440
442
444
446
445
443
448
449
450
451
452
447
453
454
455
456
457
459
458
460
462
467
461
463
464
465
466
469
468
470
472
471
473
474
475
477
476
478
479
480
481
482
483
484
485
486
487
489
488
494
491
490
492
493
495
496
497
498
499
501
502
500
503
505
506
507
504
510
509
512
513
515
508
511
514
517
516
518
519
521
520
522
523
524
525
526
529
531
527
528
530
532
533
534
535
536
537
538
540
541
542
539
543
545
544
546
549
547
548
550
551
553
554
552
555
556
557
558
559
560
561
562
563
564
565
568
567
566
569
570
572
573
574
575
571
578
577
576
580
579
581
582
583
584
586
588
585
587
590
591
589
593
592
594
595
596
597
599
600
601
598
603
606
604
602
605
607
610
615
608
611
613
614
609
612
617
616
619
621
618
620
622
624
623
627
625
626
629
628
630
631
633
635
632
634
637
636
638
639
641
642
640
643
645
644
646
647
648
651
650
649
652
653
656
654
655
657
658
659
660
661
662
664
665
663
666
668
667
669
670
673
674
671
672
675
677
676
678
680
681
679
682
684
685
683
686
687
689
690
688
691
694
693
695
696
692
697
698
699
704
702
700
701
703
707
705
706
708
709
710
711
713
712
715
718
719
717
720
714
716
723
721
722
724
725
726
727
729
730
731
728
732
733
735
736
734
738
739
737
741
743
744
740
742
746
747
745
748
750
749
751
752
753
754
755
756
757
758
759
760
761
762
763
767
764
765
768
766
769
771
770
773
772
775
777
778
774
776
779
784
785
780
781
782
783
786
787
788
789
790
791
792
794
796
793
795
797
798
799
800
801
802
804
803
806
805
807
809
808
810
811
812
814
816
813
815
817
818
819
820
822
821
824
823
825
826
827
828
829
830
831
834
832
833
835
837
836
838
839
840
841
843
842
844
845
846
848
849
847
851
852
850
853
854
857
855
856
861
859
858
860
862
863
866
864
865
867
868
869
870
873
876
877
872
875
871
874
878
879
880
881
882
884
886
885
883
887
888
890
889
893
891
892
895
894
896
899
898
897
900
901
903
902
904
907
908
905
906
912
909
910
911
915
913
914
917
919
920
916
918
922
921
924
925
923
927
928
929
926
930
931
932
933
934
936
935
937
938
939
940
942
941
944
943
945
949
947
946
948
950
951
952
953
954
956
955
957
958
959
960
961
964
962
963
965
967
966
968
970
969
971
972
974
973
975
977
978
976
979
980
981
982
984
985
983
986
987
988
989
990
991
992
994
993
996
995
997
998
1000
999
